,Velocity,MIDI,Start,End
0,[127],40.0,0.0,[1.0]
1,[127],41.0,1.0,[2.0]
2,[127],41.0,2.0,[3.0]
3,[127],43.0,3.0,[4.0]
4,[127],41.0,4.0,[5.0]
5,[127],41.0,5.0,[6.0]
6,[127],43.0,6.0,[7.0]
7,[127],41.0,8.0,[9.0]
8,[127],41.0,10.0,[11.0]
9,[127],45.4,11.0,[12.0]
10,[127],43.0,12.0,[13.0]
11,[127],41.0,13.0,[14.0]
12,[127],41.3,14.0,[15.0]
13,[127],43.0,15.0,[16.0]
14,[127],43.1,16.0,[17.0]
15,[127],45.0,17.0,[18.0]
16,[127],47.8,19.0,[20.0]
17,[127],41.0,20.0,[21.0]
18,[127],43.7,22.0,[23.0]
19,[127],47.6,23.0,[24.0]
20,[127],43.0,24.0,[25.0]
21,[127],47.5,25.0,[26.0]
22,[127],41.0,26.0,[27.0]
23,[127],50.2,27.0,[28.0]
24,[127],41.3,28.0,[29.0]
25,[127],45.8,29.0,[30.0]
26,[127],43.0,30.0,[31.0]
27,[127],50.0,31.0,[32.0]
28,[127],43.1,32.0,[33.0]
29,[127],50.6,33.0,[34.0]
30,[127],45.0,34.0,[35.0]
31,[127],52.6,35.0,[36.0]
32,[127],53.6,36.0,[37.0]
33,[127],48.2,37.0,[38.0]
34,[127],47.8,38.0,[39.0]
35,[127],41.0,40.0,[41.0]
36,[127],48.5,41.0,[42.0]
37,[127],45.4,43.0,[44.0]
38,[127],43.7,44.0,[45.0]
39,[127],46.0,46.0,[47.0]
40,[127],46.0,48.0,[49.0]
41,[127],40.0,50.0,[51.0]
42,[127],43.0,51.0,[52.0]
43,[127],41.0,52.0,[53.0]
44,[127],52.7,53.0,[54.0]
45,[127],41.0,54.0,[55.0]
46,[127],45.4,55.0,[56.0]
47,[127],41.3,56.0,[57.0]
48,[127],45.0,57.0,[58.0]
49,[127],45.8,58.0,[59.0]
50,[127],52.6,59.0,[60.0]
51,[127],43.0,60.0,[61.0]
52,[127],43.4,62.0,[63.0]
53,[127],43.4,63.0,[64.0]
54,[127],43.1,64.0,[65.0]
55,[127],41.0,65.0,[66.0]
56,[127],50.6,66.0,[67.0]
57,[127],50.2,67.0,[68.0]
58,[127],45.0,68.0,[69.0]
59,[127],45.5,69.0,[70.0]
60,[127],41.3,70.0,[71.0]
61,[127],41.0,71.0,[72.0]
62,[127],53.6,72.0,[73.0]
63,[127],50.9,73.0,[74.0]
64,[127],48.2,74.0,[75.0]
65,[127],47.8,75.0,[76.0]
66,[127],44.0,76.0,[77.0]
67,[127],47.9,77.0,[78.0]
68,[127],48.2,78.0,[79.0]
69,[127],43.0,80.0,[81.0]
70,[127],41.0,81.0,[82.0]
71,[127],48.5,82.0,[83.0]
72,[127],47.8,83.0,[84.0]
73,[127],51.2,84.0,[85.0]
74,[127],45.0,85.0,[86.0]
75,[127],45.4,86.0,[87.0]
76,[127],41.6,88.0,[89.0]
77,[127],40.0,90.0,[91.0]
78,[127],45.4,91.0,[92.0]
79,[127],46.0,92.0,[93.0]
80,[127],43.7,93.0,[94.0]
81,[127],43.4,94.0,[95.0]
82,[127],47.8,95.0,[96.0]
83,[127],44.0,96.0,[97.0]
84,[127],45.0,97.0,[98.0]
85,[127],43.0,99.0,[100.0]
86,[127],40.0,100.0,[101.0]
87,[127],41.0,102.0,[103.0]
88,[127],46.1,103.0,[104.0]
89,[127],41.0,104.0,[105.0]
90,[127],47.5,105.0,[106.0]
91,[127],52.7,106.0,[107.0]
92,[127],52.6,107.0,[108.0]
93,[127],41.0,108.0,[109.0]
94,[127],50.9,109.0,[110.0]
95,[127],43.7,110.0,[111.0]
96,[127],48.5,111.0,[112.0]
97,[127],41.3,112.0,[113.0]
98,[127],50.6,113.0,[114.0]
99,[127],45.0,114.0,[115.0]
100,[127],47.6,115.0,[116.0]
101,[127],45.8,116.0,[117.0]
102,[127],48.5,117.0,[118.0]
103,[127],48.2,118.0,[119.0]
104,[127],43.0,120.0,[121.0]
105,[127],50.6,121.0,[122.0]
106,[127],47.8,123.0,[124.0]
107,[127],43.4,124.0,[125.0]
108,[127],47.5,125.0,[126.0]
109,[127],43.4,126.0,[127.0]
110,[127],45.5,128.0,[129.0]
111,[127],40.0,130.0,[131.0]
112,[127],50.2,131.0,[132.0]
113,[127],50.6,132.0,[133.0]
114,[127],43.7,133.0,[134.0]
115,[127],43.4,134.0,[135.0]
116,[127],50.2,135.0,[136.0]
117,[127],45.0,136.0,[137.0]
118,[127],45.0,137.0,[138.0]
119,[127],45.5,138.0,[139.0]
120,[127],52.6,139.0,[140.0]
121,[127],41.3,140.0,[141.0]
122,[127],41.0,142.0,[143.0]
123,[127],45.5,143.0,[144.0]
124,[127],53.6,144.0,[145.0]
125,[127],44.5,145.0,[146.0]
126,[127],50.9,146.0,[147.0]
127,[127],43.0,147.0,[148.0]
128,[127],44.0,148.0,[149.0]
129,[127],50.9,149.0,[150.0]
130,[127],47.8,150.0,[151.0]
131,[127],43.1,151.0,[152.0]
132,[127],44.0,152.0,[153.0]
133,[127],41.0,153.0,[154.0]
134,[127],47.9,154.0,[155.0]
135,[127],45.4,155.0,[156.0]
136,[127],46.4,156.0,[157.0]
137,[127],48.5,157.0,[158.0]
138,[127],48.2,158.0,[159.0]
139,[127],40.0,160.0,[161.0]
140,[127],52.4,161.0,[162.0]
141,[127],41.0,162.0,[163.0]
142,[127],45.4,163.0,[164.0]
143,[127],44.0,164.0,[165.0]
144,[127],50.6,165.0,[166.0]
145,[127],46.0,166.0,[167.0]
146,[127],41.0,168.0,[169.0]
147,[127],45.0,170.0,[171.0]
148,[127],47.8,171.0,[172.0]
149,[127],45.4,172.0,[173.0]
150,[127],45.5,173.0,[174.0]
151,[127],45.8,174.0,[175.0]
152,[127],52.6,175.0,[176.0]
153,[127],41.6,176.0,[177.0]
154,[127],45.0,177.0,[178.0]
155,[127],50.2,179.0,[180.0]
156,[127],40.0,180.0,[181.0]
157,[127],45.4,182.0,[183.0]
158,[127],45.5,183.0,[184.0]
159,[127],46.0,184.0,[185.0]
160,[127],44.5,185.0,[186.0]
161,[127],43.7,186.0,[187.0]
162,[127],52.6,187.0,[188.0]
163,[127],43.4,188.0,[189.0]
164,[127],50.3,189.0,[190.0]
165,[127],47.8,190.0,[191.0]
166,[127],47.9,191.0,[192.0]
167,[127],44.0,192.0,[193.0]
168,[127],50.0,193.0,[194.0]
169,[127],45.0,194.0,[195.0]
170,[127],43.0,195.0,[196.0]
171,[127],46.4,196.0,[197.0]
172,[127],52.7,197.0,[198.0]
173,[127],41.0,198.0,[199.0]
174,[127],40.0,200.0,[201.0]
175,[127],41.0,201.0,[202.0]
176,[127],45.4,203.0,[204.0]
177,[127],41.0,204.0,[205.0]
178,[127],48.5,205.0,[206.0]
179,[127],46.0,206.0,[207.0]
180,[127],43.1,208.0,[209.0]
181,[127],44.5,210.0,[211.0]
182,[127],47.8,211.0,[212.0]
183,[127],46.4,212.0,[213.0]
184,[127],48.2,213.0,[214.0]
185,[127],47.9,214.0,[215.0]
186,[127],45.4,215.0,[216.0]
187,[127],41.0,216.0,[217.0]
188,[127],45.0,217.0,[218.0]
189,[127],50.9,218.0,[219.0]
190,[127],50.2,219.0,[220.0]
191,[127],43.7,220.0,[221.0]
192,[127],45.5,222.0,[223.0]
193,[127],47.6,223.0,[224.0]
194,[127],45.5,224.0,[225.0]
195,[127],40.0,225.0,[226.0]
196,[127],50.6,226.0,[227.0]
197,[127],52.6,227.0,[228.0]
198,[127],45.0,228.0,[229.0]
199,[127],43.4,229.0,[230.0]
200,[127],46.0,230.0,[231.0]
201,[127],50.0,231.0,[232.0]
202,[127],45.8,232.0,[233.0]
203,[127],50.6,233.0,[234.0]
204,[127],48.5,234.0,[235.0]
205,[127],43.0,235.0,[236.0]
206,[127],48.2,236.0,[237.0]
207,[127],41.0,237.0,[238.0]
208,[127],52.7,238.0,[239.0]
209,[127],44.5,240.0,[241.0]
210,[127],41.0,241.0,[242.0]
211,[127],50.6,242.0,[243.0]
212,[127],50.2,243.0,[244.0]
213,[127],53.6,244.0,[245.0]
214,[127],46.0,246.0,[247.0]
215,[127],43.1,248.0,[249.0]
216,[127],40.0,250.0,[251.0]
217,[127],52.6,251.0,[252.0]
218,[127],43.4,252.0,[253.0]
219,[127],48.2,253.0,[254.0]
220,[127],47.9,254.0,[255.0]
221,[127],43.0,255.0,[256.0]
222,[127],45.5,256.0,[257.0]
223,[127],45.0,257.0,[258.0]
224,[127],43.0,259.0,[260.0]
225,[127],40.0,260.0,[261.0]
226,[127],45.5,262.0,[263.0]
227,[127],47.6,263.0,[264.0]
228,[127],50.6,264.0,[265.0]
229,[127],40.0,265.0,[266.0]
230,[127],43.7,266.0,[267.0]
231,[127],45.4,267.0,[268.0]
232,[127],43.4,268.0,[269.0]
233,[127],43.4,269.0,[270.0]
234,[127],41.0,270.0,[271.0]
235,[127],50.0,271.0,[272.0]
236,[127],46.4,272.0,[273.0]
237,[127],50.6,273.0,[274.0]
238,[127],45.0,274.0,[275.0]
239,[127],47.8,275.0,[276.0]
240,[127],44.0,276.0,[277.0]
241,[127],41.0,277.0,[278.0]
242,[127],52.6,278.0,[279.0]
243,[127],40.0,280.0,[281.0]
244,[127],48.5,281.0,[282.0]
245,[127],47.8,283.0,[284.0]
246,[127],41.0,284.0,[285.0]
247,[127],45.0,285.0,[286.0]
248,[127],45.5,286.0,[287.0]
249,[127],47.9,288.0,[289.0]
250,[127],43.0,290.0,[291.0]
251,[127],50.2,291.0,[292.0]
252,[127],50.9,292.0,[293.0]
253,[127],45.8,293.0,[294.0]
254,[127],43.0,294.0,[295.0]
255,[127],52.6,295.0,[296.0]
256,[127],44.0,296.0,[297.0]
257,[127],45.0,297.0,[298.0]
258,[127],50.9,298.0,[299.0]
259,[127],52.6,299.0,[300.0]
260,[127],44.0,300.0,[301.0]
261,[127],43.1,302.0,[303.0]
262,[127],43.4,303.0,[304.0]
263,[127],44.0,304.0,[305.0]
264,[127],47.5,305.0,[306.0]
265,[127],41.0,306.0,[307.0]
266,[127],43.0,307.0,[308.0]
267,[127],46.4,308.0,[309.0]
268,[127],41.0,309.0,[310.0]
269,[127],43.4,310.0,[311.0]
270,[127],41.0,311.0,[312.0]
271,[127],46.4,312.0,[313.0]
272,[127],50.9,313.0,[314.0]
273,[127],48.5,314.0,[315.0]
274,[127],43.4,315.0,[316.0]
275,[127],48.2,316.0,[317.0]
276,[127],50.6,317.0,[318.0]
277,[127],50.3,318.0,[319.0]
278,[127],40.0,320.0,[321.0]
279,[127],41.0,321.0,[322.0]
280,[127],52.4,322.0,[323.0]
281,[127],43.0,323.0,[324.0]
282,[127],41.0,324.0,[325.0]
283,[127],49.0,325.0,[326.0]
284,[127],45.4,326.0,[327.0]
285,[127],41.6,328.0,[329.0]
286,[127],49.0,330.0,[331.0]
287,[127],52.6,331.0,[332.0]
288,[127],46.0,332.0,[333.0]
289,[127],45.8,333.0,[334.0]
290,[127],46.1,334.0,[335.0]
291,[127],50.2,335.0,[336.0]
292,[127],41.0,336.0,[337.0]
293,[127],45.0,337.0,[338.0]
294,[127],50.2,339.0,[340.0]
295,[127],45.0,340.0,[341.0]
296,[127],47.8,342.0,[343.0]
297,[127],46.1,343.0,[344.0]
298,[127],45.4,344.0,[345.0]
299,[127],40.0,345.0,[346.0]
300,[127],45.5,346.0,[347.0]
301,[127],47.8,347.0,[348.0]
302,[127],44.0,348.0,[349.0]
303,[127],50.6,349.0,[350.0]
304,[127],52.6,350.0,[351.0]
305,[127],48.5,351.0,[352.0]
306,[127],41.6,352.0,[353.0]
307,[127],50.6,353.0,[354.0]
308,[127],45.0,354.0,[355.0]
309,[127],41.0,355.0,[356.0]
310,[127],46.4,356.0,[357.0]
311,[127],41.0,357.0,[358.0]
312,[127],41.3,358.0,[359.0]
313,[127],40.0,360.0,[361.0]
314,[127],50.6,361.0,[362.0]
315,[127],45.4,363.0,[364.0]
316,[127],44.0,364.0,[365.0]
317,[127],50.9,365.0,[366.0]
318,[127],45.5,366.0,[367.0]
319,[127],46.0,368.0,[369.0]
320,[127],43.0,370.0,[371.0]
321,[127],43.0,371.0,[372.0]
322,[127],43.7,372.0,[373.0]
323,[127],50.3,373.0,[374.0]
324,[127],50.6,374.0,[375.0]
325,[127],47.8,375.0,[376.0]
326,[127],43.4,376.0,[377.0]
327,[127],45.0,377.0,[378.0]
328,[127],50.3,378.0,[379.0]
329,[127],52.6,379.0,[380.0]
330,[127],44.0,380.0,[381.0]
331,[127],41.0,382.0,[383.0]
332,[127],45.5,383.0,[384.0]
333,[127],44.0,384.0,[385.0]
334,[127],40.0,385.0,[386.0]
335,[127],50.0,386.0,[387.0]
336,[127],50.2,387.0,[388.0]
337,[127],45.0,388.0,[389.0]
338,[127],43.1,389.0,[390.0]
339,[127],43.0,390.0,[391.0]
340,[127],43.1,391.0,[392.0]
341,[127],46.4,392.0,[393.0]
342,[127],41.0,393.0,[394.0]
343,[127],52.7,394.0,[395.0]
344,[127],47.8,395.0,[396.0]
345,[127],41.0,396.0,[397.0]
346,[127],45.5,397.0,[398.0]
347,[127],45.8,398.0,[399.0]
348,[127],40.0,400.0,[401.0]
349,[127],52.4,401.0,[402.0]
350,[127],41.0,402.0,[403.0]
351,[127],45.4,403.0,[404.0]
352,[127],44.0,404.0,[405.0]
353,[127],41.0,405.0,[406.0]
354,[127],45.4,406.0,[407.0]
355,[127],41.0,408.0,[409.0]
356,[127],40.0,410.0,[411.0]
357,[127],43.0,411.0,[412.0]
358,[127],46.0,412.0,[413.0]
359,[127],41.3,413.0,[414.0]
360,[127],41.0,414.0,[415.0]
361,[127],47.8,415.0,[416.0]
362,[127],43.1,416.0,[417.0]
363,[127],45.0,417.0,[418.0]
364,[127],52.6,419.0,[420.0]
365,[127],44.5,420.0,[421.0]
366,[127],47.8,422.0,[423.0]
367,[127],45.5,423.0,[424.0]
368,[127],46.4,424.0,[425.0]
369,[127],44.5,425.0,[426.0]
370,[127],48.2,426.0,[427.0]
371,[127],50.2,427.0,[428.0]
372,[127],47.9,428.0,[429.0]
373,[127],48.5,429.0,[430.0]
374,[127],45.4,430.0,[431.0]
375,[127],47.9,431.0,[432.0]
376,[127],41.0,432.0,[433.0]
377,[127],50.0,433.0,[434.0]
378,[127],45.0,434.0,[435.0]
379,[127],47.8,435.0,[436.0]
380,[127],50.9,436.0,[437.0]
381,[127],46.1,437.0,[438.0]
382,[127],45.8,438.0,[439.0]
383,[127],41.6,440.0,[441.0]
384,[127],41.0,441.0,[442.0]
385,[127],50.2,443.0,[444.0]
386,[127],45.5,444.0,[445.0]
387,[127],46.0,446.0,[447.0]
388,[127],43.1,448.0,[449.0]
389,[127],40.0,450.0,[451.0]
390,[127],47.8,451.0,[452.0]
391,[127],50.6,452.0,[453.0]
392,[127],50.3,453.0,[454.0]
393,[127],50.6,454.0,[455.0]
394,[127],45.4,455.0,[456.0]
395,[127],45.0,456.0,[457.0]
396,[127],45.0,457.0,[458.0]
397,[127],43.4,458.0,[459.0]
398,[127],45.4,459.0,[460.0]
399,[127],46.0,460.0,[461.0]
400,[127],41.0,462.0,[463.0]
401,[127],47.6,463.0,[464.0]
402,[127],48.8,464.0,[465.0]
403,[127],43.0,465.0,[466.0]
404,[127],50.6,466.0,[467.0]
405,[127],43.0,467.0,[468.0]
406,[127],46.4,468.0,[469.0]
407,[127],43.1,469.0,[470.0]
408,[127],43.0,470.0,[471.0]
409,[127],50.0,471.0,[472.0]
410,[127],48.2,472.0,[473.0]
411,[127],50.6,473.0,[474.0]
412,[127],41.0,474.0,[475.0]
413,[127],52.6,475.0,[476.0]
414,[127],44.0,476.0,[477.0]
415,[127],45.5,477.0,[478.0]
416,[127],45.8,478.0,[479.0]
417,[127],44.0,480.0,[481.0]
418,[127],41.0,481.0,[482.0]
419,[127],41.0,482.0,[483.0]
420,[127],43.0,483.0,[484.0]
421,[127],50.6,484.0,[485.0]
422,[127],45.0,485.0,[486.0]
423,[127],46.0,486.0,[487.0]
424,[127],43.1,488.0,[489.0]
425,[127],40.0,490.0,[491.0]
426,[127],52.6,491.0,[492.0]
427,[127],46.0,492.0,[493.0]
428,[127],50.3,493.0,[494.0]
429,[127],50.6,494.0,[495.0]
430,[127],43.0,495.0,[496.0]
431,[127],43.1,496.0,[497.0]
432,[127],45.0,497.0,[498.0]
433,[127],50.2,499.0,[500.0]
434,[127],40.0,500.0,[501.0]
435,[127],41.0,502.0,[503.0]
436,[127],47.6,503.0,[504.0]
437,[127],43.4,504.0,[505.0]
438,[127],49.0,505.0,[506.0]
439,[127],48.2,506.0,[507.0]
440,[127],47.8,507.0,[508.0]
441,[127],46.4,508.0,[509.0]
442,[127],43.1,509.0,[510.0]
443,[127],41.0,510.0,[511.0]
444,[127],50.0,511.0,[512.0]
445,[127],45.5,512.0,[513.0]
446,[127],50.6,513.0,[514.0]
447,[127],45.0,514.0,[515.0]
448,[127],45.4,515.0,[516.0]
449,[127],48.8,516.0,[517.0]
450,[127],45.5,517.0,[518.0]
451,[127],43.0,518.0,[519.0]
452,[127],40.0,520.0,[521.0]
453,[127],48.5,521.0,[522.0]
454,[127],52.6,523.0,[524.0]
455,[127],45.5,524.0,[525.0]
456,[127],47.5,525.0,[526.0]
457,[127],46.0,526.0,[527.0]
458,[127],47.9,528.0,[529.0]
459,[127],40.0,530.0,[531.0]
460,[127],50.2,531.0,[532.0]
461,[127],43.7,532.0,[533.0]
462,[127],48.2,533.0,[534.0]
463,[127],45.4,534.0,[535.0]
464,[127],52.6,535.0,[536.0]
465,[127],43.4,536.0,[537.0]
466,[127],45.0,537.0,[538.0]
467,[127],43.4,538.0,[539.0]
468,[127],47.8,539.0,[540.0]
469,[127],41.0,540.0,[541.0]
470,[127],50.0,542.0,[543.0]
471,[127],43.4,543.0,[544.0]
472,[127],46.4,544.0,[545.0]
473,[127],40.0,545.0,[546.0]
474,[127],50.6,546.0,[547.0]
475,[127],45.4,547.0,[548.0]
476,[127],44.0,548.0,[549.0]
477,[127],41.0,549.0,[550.0]
478,[127],47.8,550.0,[551.0]
479,[127],41.0,551.0,[552.0]
480,[127],44.0,552.0,[553.0]
481,[127],50.9,553.0,[554.0]
482,[127],41.0,554.0,[555.0]
483,[127],43.0,555.0,[556.0]
484,[127],46.4,556.0,[557.0]
485,[127],43.4,557.0,[558.0]
486,[127],43.7,558.0,[559.0]
487,[127],40.0,560.0,[561.0]
488,[127],41.0,561.0,[562.0]
489,[127],48.5,562.0,[563.0]
490,[127],50.2,563.0,[564.0]
491,[127],44.0,564.0,[565.0]
492,[127],50.6,565.0,[566.0]
493,[127],46.0,566.0,[567.0]
494,[127],41.0,568.0,[569.0]
495,[127],44.5,570.0,[571.0]
496,[127],52.6,571.0,[572.0]
497,[127],45.5,572.0,[573.0]
498,[127],41.0,573.0,[574.0]
499,[127],52.7,574.0,[575.0]
500,[127],50.2,575.0,[576.0]
501,[127],44.0,576.0,[577.0]
502,[127],45.0,577.0,[578.0]
503,[127],43.0,579.0,[580.0]
504,[127],43.0,580.0,[581.0]
505,[127],50.2,582.0,[583.0]
506,[127],46.1,583.0,[584.0]
507,[127],50.9,584.0,[585.0]
508,[127],47.5,585.0,[586.0]
509,[127],45.8,586.0,[587.0]
510,[127],45.4,587.0,[588.0]
511,[127],43.0,588.0,[589.0]
512,[127],48.2,589.0,[590.0]
513,[127],48.2,590.0,[591.0]
514,[127],48.5,591.0,[592.0]
515,[127],44.0,592.0,[593.0]
516,[127],50.6,593.0,[594.0]
517,[127],45.0,594.0,[595.0]
518,[127],47.8,595.0,[596.0]
519,[127],46.4,596.0,[597.0]
520,[127],45.8,597.0,[598.0]
521,[127],45.5,598.0,[599.0]
522,[127],40.0,600.0,[601.0]
523,[127],50.6,601.0,[602.0]
524,[127],50.2,603.0,[604.0]
525,[127],43.1,604.0,[605.0]
526,[127],50.6,605.0,[606.0]
527,[127],43.4,606.0,[607.0]
528,[127],44.0,608.0,[609.0]
529,[127],47.5,610.0,[611.0]
530,[127],52.6,611.0,[612.0]
531,[127],41.0,612.0,[613.0]
532,[127],48.2,613.0,[614.0]
533,[127],43.0,614.0,[615.0]
534,[127],47.8,615.0,[616.0]
535,[127],46.4,616.0,[617.0]
536,[127],45.0,617.0,[618.0]
537,[127],41.0,618.0,[619.0]
538,[127],43.0,619.0,[620.0]
539,[127],43.4,620.0,[621.0]
540,[127],41.0,622.0,[623.0]
541,[127],45.5,623.0,[624.0]
542,[127],46.4,624.0,[625.0]
543,[127],44.5,625.0,[626.0]
544,[127],50.9,626.0,[627.0]
545,[127],45.4,627.0,[628.0]
546,[127],48.5,628.0,[629.0]
547,[127],43.4,629.0,[630.0]
548,[127],43.4,630.0,[631.0]
549,[127],43.1,631.0,[632.0]
550,[127],48.2,632.0,[633.0]
551,[127],41.0,633.0,[634.0]
552,[127],50.6,634.0,[635.0]
553,[127],47.8,635.0,[636.0]
554,[127],50.3,636.0,[637.0]
555,[127],41.0,637.0,[638.0]
556,[127],52.7,638.0,[639.0]
557,[127],40.0,640.0,[641.0]
558,[127],52.4,641.0,[642.0]
559,[127],41.0,642.0,[643.0]
560,[127],43.0,643.0,[644.0]
561,[127],52.4,644.0,[645.0]
562,[127],43.0,646.0,[647.0]
563,[127],41.0,648.0,[649.0]
564,[127],40.0,650.0,[651.0]
565,[127],45.4,651.0,[652.0]
566,[127],45.4,652.0,[653.0]
567,[127],48.2,653.0,[654.0]
568,[127],48.5,654.0,[655.0]
569,[127],50.2,655.0,[656.0]
570,[127],41.6,656.0,[657.0]
571,[127],45.0,657.0,[658.0]
572,[127],47.8,659.0,[660.0]
573,[127],48.8,660.0,[661.0]
574,[127],50.9,662.0,[663.0]
575,[127],45.5,663.0,[664.0]
576,[127],46.0,664.0,[665.0]
577,[127],40.0,665.0,[666.0]
578,[127],45.8,666.0,[667.0]
579,[127],50.2,667.0,[668.0]
580,[127],46.1,668.0,[669.0]
581,[127],41.0,669.0,[670.0]
582,[127],43.4,670.0,[671.0]
583,[127],47.9,671.0,[672.0]
584,[127],41.0,672.0,[673.0]
585,[127],50.0,673.0,[674.0]
586,[127],45.0,674.0,[675.0]
587,[127],52.6,675.0,[676.0]
588,[127],44.0,676.0,[677.0]
589,[127],43.4,677.0,[678.0]
590,[127],43.7,678.0,[679.0]
591,[127],40.0,680.0,[681.0]
592,[127],41.0,681.0,[682.0]
593,[127],52.6,683.0,[684.0]
594,[127],47.8,684.0,[685.0]
595,[127],45.0,685.0,[686.0]
596,[127],46.0,686.0,[687.0]
597,[127],43.1,688.0,[689.0]
598,[127],40.0,690.0,[691.0]
599,[127],50.2,691.0,[692.0]
600,[127],45.5,692.0,[693.0]
601,[127],43.7,693.0,[694.0]
602,[127],43.4,694.0,[695.0]
603,[127],52.6,695.0,[696.0]
604,[127],44.0,696.0,[697.0]
605,[127],45.0,697.0,[698.0]
606,[127],50.6,698.0,[699.0]
607,[127],47.8,699.0,[700.0]
608,[127],44.0,700.0,[701.0]
609,[127],41.0,702.0,[703.0]
610,[127],47.6,703.0,[704.0]
611,[127],41.6,704.0,[705.0]
612,[127],44.5,705.0,[706.0]
613,[127],50.6,706.0,[707.0]
614,[127],45.4,707.0,[708.0]
615,[127],45.0,708.0,[709.0]
616,[127],50.9,709.0,[710.0]
617,[127],41.0,710.0,[711.0]
618,[127],50.0,711.0,[712.0]
619,[127],46.4,712.0,[713.0]
620,[127],50.6,713.0,[714.0]
621,[127],41.0,714.0,[715.0]
622,[127],43.0,715.0,[716.0]
623,[127],41.3,716.0,[717.0]
624,[127],48.5,717.0,[718.0]
625,[127],48.2,718.0,[719.0]
626,[127],40.0,720.0,[721.0]
627,[127],41.0,721.0,[722.0]
628,[127],50.6,722.0,[723.0]
629,[127],52.6,723.0,[724.0]
630,[127],48.8,724.0,[725.0]
631,[127],44.5,725.0,[726.0]
632,[127],45.4,726.0,[727.0]
633,[127],43.1,728.0,[729.0]
634,[127],43.0,730.0,[731.0]
635,[127],43.0,731.0,[732.0]
636,[127],45.5,732.0,[733.0]
637,[127],43.7,733.0,[734.0]
638,[127],43.4,734.0,[735.0]
639,[127],43.0,735.0,[736.0]
640,[127],45.5,736.0,[737.0]
641,[127],45.0,737.0,[738.0]
642,[127],45.4,739.0,[740.0]
643,[127],43.0,740.0,[741.0]
644,[127],41.0,742.0,[743.0]
645,[127],47.6,743.0,[744.0]
646,[127],43.7,744.0,[745.0]
647,[127],47.5,745.0,[746.0]
648,[127],50.3,746.0,[747.0]
649,[127],47.8,747.0,[748.0]
650,[127],44.0,748.0,[749.0]
651,[127],50.9,749.0,[750.0]
652,[127],47.8,750.0,[751.0]
653,[127],50.0,751.0,[752.0]
654,[127],43.4,752.0,[753.0]
655,[127],50.6,753.0,[754.0]
656,[127],45.0,754.0,[755.0]
657,[127],43.1,755.0,[756.0]
658,[127],46.4,756.0,[757.0]
659,[127],48.5,757.0,[758.0]
660,[127],48.2,758.0,[759.0]
661,[127],44.0,760.0,[761.0]
662,[127],48.5,761.0,[762.0]
663,[127],50.2,763.0,[764.0]
664,[127],41.0,764.0,[765.0]
665,[127],41.0,765.0,[766.0]
666,[127],45.5,766.0,[767.0]
667,[127],44.0,768.0,[769.0]
668,[127],40.0,770.0,[771.0]
669,[127],47.8,771.0,[772.0]
670,[127],50.0,772.0,[773.0]
671,[127],41.3,773.0,[774.0]
672,[127],41.0,774.0,[775.0]
673,[127],45.4,775.0,[776.0]
674,[127],45.0,776.0,[777.0]
675,[127],45.0,777.0,[778.0]
676,[127],43.1,778.0,[779.0]
677,[127],45.4,779.0,[780.0]
678,[127],43.0,780.0,[781.0]
679,[127],43.1,782.0,[783.0]
680,[127],43.4,783.0,[784.0]
681,[127],46.4,784.0,[785.0]
682,[127],48.5,785.0,[786.0]
683,[127],41.0,786.0,[787.0]
684,[127],43.0,787.0,[788.0]
685,[127],48.8,788.0,[789.0]
686,[127],48.5,789.0,[790.0]
687,[127],47.8,790.0,[791.0]
688,[127],41.0,791.0,[792.0]
689,[127],41.0,792.0,[793.0]
690,[127],50.9,793.0,[794.0]
691,[127],45.5,794.0,[795.0]
692,[127],52.6,795.0,[796.0]
693,[127],45.8,796.0,[797.0]
694,[127],46.1,797.0,[798.0]
695,[127],45.8,798.0,[799.0]
696,[127],40.0,800.0,[801.0]
697,[127],41.0,801.0,[802.0]
698,[127],52.4,802.0,[803.0]
699,[127],50.2,803.0,[804.0]
700,[127],41.0,804.0,[805.0]
701,[127],52.4,805.0,[806.0]
702,[127],45.4,806.0,[807.0]
703,[127],41.6,808.0,[809.0]
704,[127],40.0,810.0,[811.0]
705,[127],47.8,811.0,[812.0]
706,[127],45.4,812.0,[813.0]
707,[127],48.5,813.0,[814.0]
708,[127],48.2,814.0,[815.0]
709,[127],45.4,815.0,[816.0]
710,[127],41.0,816.0,[817.0]
711,[127],45.0,817.0,[818.0]
712,[127],45.4,819.0,[820.0]
713,[127],40.0,820.0,[821.0]
714,[127],43.0,822.0,[823.0]
715,[127],46.1,823.0,[824.0]
716,[127],46.0,824.0,[825.0]
717,[127],47.5,825.0,[826.0]
718,[127],41.3,826.0,[827.0]
719,[127],43.0,827.0,[828.0]
720,[127],41.0,828.0,[829.0]
721,[127],43.7,829.0,[830.0]
722,[127],46.0,830.0,[831.0]
723,[127],48.5,831.0,[832.0]
724,[127],43.1,832.0,[833.0]
725,[127],50.6,833.0,[834.0]
726,[127],45.0,834.0,[835.0]
727,[127],52.6,835.0,[836.0]
728,[127],53.6,836.0,[837.0]
729,[127],41.3,837.0,[838.0]
730,[127],41.0,838.0,[839.0]
731,[127],41.0,840.0,[841.0]
732,[127],50.6,841.0,[842.0]
733,[127],45.4,843.0,[844.0]
734,[127],47.8,844.0,[845.0]
735,[127],45.5,846.0,[847.0]
736,[127],46.4,848.0,[849.0]
737,[127],40.0,850.0,[851.0]
738,[127],47.8,851.0,[852.0]
739,[127],48.2,852.0,[853.0]
740,[127],41.0,853.0,[854.0]
741,[127],41.3,854.0,[855.0]
742,[127],47.8,855.0,[856.0]
743,[127],47.6,856.0,[857.0]
744,[127],45.0,857.0,[858.0]
745,[127],48.5,858.0,[859.0]
746,[127],50.2,859.0,[860.0]
747,[127],45.4,860.0,[861.0]
748,[127],43.7,862.0,[863.0]
749,[127],45.5,863.0,[864.0]
750,[127],45.5,864.0,[865.0]
751,[127],44.5,865.0,[866.0]
752,[127],50.0,866.0,[867.0]
753,[127],52.6,867.0,[868.0]
754,[127],45.0,868.0,[869.0]
755,[127],45.8,869.0,[870.0]
756,[127],45.8,870.0,[871.0]
757,[127],43.1,871.0,[872.0]
758,[127],50.9,872.0,[873.0]
759,[127],41.0,873.0,[874.0]
760,[127],46.1,874.0,[875.0]
761,[127],43.0,875.0,[876.0]
762,[127],44.0,876.0,[877.0]
763,[127],48.2,877.0,[878.0]
764,[127],48.5,878.0,[879.0]
765,[127],40.0,880.0,[881.0]
766,[127],52.4,881.0,[882.0]
767,[127],41.0,882.0,[883.0]
768,[127],52.6,883.0,[884.0]
769,[127],51.2,884.0,[885.0]
770,[127],45.0,885.0,[886.0]
771,[127],46.0,886.0,[887.0]
772,[127],41.0,888.0,[889.0]
773,[127],47.5,890.0,[891.0]
774,[127],43.0,891.0,[892.0]
775,[127],46.0,892.0,[893.0]
776,[127],45.8,893.0,[894.0]
777,[127],45.5,894.0,[895.0]
778,[127],50.2,895.0,[896.0]
779,[127],43.1,896.0,[897.0]
780,[127],45.0,897.0,[898.0]
781,[127],45.4,899.0,[900.0]
782,[127],40.0,900.0,[901.0]
783,[127],43.1,902.0,[903.0]
784,[127],45.5,903.0,[904.0]
785,[127],50.6,904.0,[905.0]
786,[127],44.5,905.0,[906.0]
787,[127],50.3,906.0,[907.0]
788,[127],47.8,907.0,[908.0]
789,[127],46.4,908.0,[909.0]
790,[127],41.0,909.0,[910.0]
791,[127],45.4,910.0,[911.0]
792,[127],47.9,911.0,[912.0]
793,[127],45.5,912.0,[913.0]
794,[127],50.0,913.0,[914.0]
795,[127],45.0,914.0,[915.0]
796,[127],45.5,915.0,[916.0]
797,[127],43.4,916.0,[917.0]
798,[127],50.6,917.0,[918.0]
799,[127],45.4,918.0,[919.0]
800,[127],46.0,920.0,[921.0]
801,[127],41.0,921.0,[922.0]
802,[127],47.8,923.0,[924.0]
803,[127],41.0,924.0,[925.0]
804,[127],44.5,925.0,[926.0]
805,[127],46.0,926.0,[927.0]
806,[127],43.1,928.0,[929.0]
807,[127],43.0,930.0,[931.0]
808,[127],45.4,931.0,[932.0]
809,[127],50.6,932.0,[933.0]
810,[127],45.8,933.0,[934.0]
811,[127],43.0,934.0,[935.0]
812,[127],52.6,935.0,[936.0]
813,[127],45.5,936.0,[937.0]
814,[127],45.0,937.0,[938.0]
815,[127],43.1,938.0,[939.0]
816,[127],43.0,939.0,[940.0]
817,[127],43.0,940.0,[941.0]
818,[127],48.5,942.0,[943.0]
819,[127],47.6,943.0,[944.0]
820,[127],48.2,944.0,[945.0]
821,[127],40.0,945.0,[946.0]
822,[127],50.6,946.0,[947.0]
823,[127],52.6,947.0,[948.0]
824,[127],41.0,948.0,[949.0]
825,[127],50.6,949.0,[950.0]
826,[127],52.6,950.0,[951.0]
827,[127],50.0,951.0,[952.0]
828,[127],44.0,952.0,[953.0]
829,[127],50.6,953.0,[954.0]
830,[127],45.5,954.0,[955.0]
831,[127],47.9,955.0,[956.0]
832,[127],45.8,956.0,[957.0]
833,[127],41.0,957.0,[958.0]
834,[127],41.3,958.0,[959.0]
835,[127],44.0,960.0,[961.0]
836,[127],41.0,961.0,[962.0]
837,[127],41.0,962.0,[963.0]
838,[127],43.0,963.0,[964.0]
839,[127],41.0,964.0,[965.0]
840,[127],50.0,965.0,[966.0]
841,[127],43.0,966.0,[967.0]
842,[127],43.1,968.0,[969.0]
843,[127],45.0,970.0,[971.0]
844,[127],45.4,971.0,[972.0]
845,[127],46.0,972.0,[973.0]
846,[127],45.8,973.0,[974.0]
847,[127],46.1,974.0,[975.0]
848,[127],43.0,975.0,[976.0]
849,[127],43.1,976.0,[977.0]
850,[127],45.0,977.0,[978.0]
851,[127],47.8,979.0,[980.0]
852,[127],40.0,980.0,[981.0]
853,[127],48.5,982.0,[983.0]
854,[127],47.6,983.0,[984.0]
855,[127],46.0,984.0,[985.0]
856,[127],40.0,985.0,[986.0]
857,[127],50.3,986.0,[987.0]
858,[127],50.2,987.0,[988.0]
859,[127],48.8,988.0,[989.0]
860,[127],50.6,989.0,[990.0]
861,[127],41.0,990.0,[991.0]
862,[127],50.0,991.0,[992.0]
863,[127],43.1,992.0,[993.0]
864,[127],50.6,993.0,[994.0]
865,[127],45.0,994.0,[995.0]
866,[127],52.6,995.0,[996.0]
867,[127],46.4,996.0,[997.0]
868,[127],41.0,997.0,[998.0]
869,[127],41.3,998.0,[999.0]
870,[127],40.0,1000.0,[1001.0]
871,[127],48.5,1001.0,[1002.0]
872,[127],43.0,1003.0,[1004.0]
873,[127],41.0,1004.0,[1005.0]
874,[127],41.0,1005.0,[1006.0]
875,[127],46.0,1006.0,[1007.0]
876,[127],46.0,1008.0,[1009.0]
877,[127],43.0,1010.0,[1011.0]
878,[127],45.4,1011.0,[1012.0]
879,[127],46.4,1012.0,[1013.0]
880,[127],45.5,1013.0,[1014.0]
881,[127],45.8,1014.0,[1015.0]
882,[127],45.4,1015.0,[1016.0]
883,[127],45.5,1016.0,[1017.0]
884,[127],45.0,1017.0,[1018.0]
885,[127],43.1,1018.0,[1019.0]
886,[127],47.8,1019.0,[1020.0]
887,[127],41.0,1020.0,[1021.0]
888,[127],48.2,1022.0,[1023.0]
889,[127],43.4,1023.0,[1024.0]
890,[127],45.5,1024.0,[1025.0]
891,[127],47.5,1025.0,[1026.0]
892,[127],50.6,1026.0,[1027.0]
893,[127],50.2,1027.0,[1028.0]
894,[127],45.0,1028.0,[1029.0]
895,[127],50.3,1029.0,[1030.0]
896,[127],45.4,1030.0,[1031.0]
897,[127],41.0,1031.0,[1032.0]
898,[127],48.8,1032.0,[1033.0]
899,[127],50.9,1033.0,[1034.0]
900,[127],45.5,1034.0,[1035.0]
901,[127],52.6,1035.0,[1036.0]
902,[127],43.0,1036.0,[1037.0]
903,[127],52.7,1037.0,[1038.0]
904,[127],41.0,1038.0,[1039.0]
905,[127],40.0,1040.0,[1041.0]
906,[127],41.0,1041.0,[1042.0]
907,[127],48.5,1042.0,[1043.0]
908,[127],45.4,1043.0,[1044.0]
909,[127],53.6,1044.0,[1045.0]
910,[127],46.0,1046.0,[1047.0]
911,[127],41.6,1048.0,[1049.0]
912,[127],44.5,1050.0,[1051.0]
913,[127],43.0,1051.0,[1052.0]
914,[127],46.0,1052.0,[1053.0]
915,[127],52.7,1053.0,[1054.0]
916,[127],41.0,1054.0,[1055.0]
917,[127],47.8,1055.0,[1056.0]
918,[127],44.0,1056.0,[1057.0]
919,[127],45.0,1057.0,[1058.0]
920,[127],52.6,1059.0,[1060.0]
921,[127],40.0,1060.0,[1061.0]
922,[127],43.4,1062.0,[1063.0]
923,[127],46.1,1063.0,[1064.0]
924,[127],43.7,1064.0,[1065.0]
925,[127],40.0,1065.0,[1066.0]
926,[127],48.2,1066.0,[1067.0]
927,[127],50.2,1067.0,[1068.0]
928,[127],45.4,1068.0,[1069.0]
929,[127],45.5,1069.0,[1070.0]
930,[127],47.9,1070.0,[1071.0]
931,[127],48.5,1071.0,[1072.0]
932,[127],43.4,1072.0,[1073.0]
933,[127],50.6,1073.0,[1074.0]
934,[127],45.0,1074.0,[1075.0]
935,[127],47.8,1075.0,[1076.0]
936,[127],43.4,1076.0,[1077.0]
937,[127],47.9,1077.0,[1078.0]
938,[127],47.8,1078.0,[1079.0]
939,[127],41.0,1080.0,[1081.0]
940,[127],50.6,1081.0,[1082.0]
941,[127],47.8,1083.0,[1084.0]
942,[127],50.0,1084.0,[1085.0]
943,[127],45.0,1085.0,[1086.0]
944,[127],43.4,1086.0,[1087.0]
945,[127],47.6,1088.0,[1089.0]
946,[127],40.0,1090.0,[1091.0]
947,[127],45.4,1091.0,[1092.0]
948,[127],50.6,1092.0,[1093.0]
949,[127],45.5,1093.0,[1094.0]
950,[127],45.4,1094.0,[1095.0]
951,[127],50.2,1095.0,[1096.0]
952,[127],44.0,1096.0,[1097.0]
953,[127],45.0,1097.0,[1098.0]
954,[127],41.0,1098.0,[1099.0]
955,[127],43.0,1099.0,[1100.0]
956,[127],44.0,1100.0,[1101.0]
957,[127],41.0,1102.0,[1103.0]
958,[127],45.5,1103.0,[1104.0]
959,[127],44.0,1104.0,[1105.0]
960,[127],40.0,1105.0,[1106.0]
961,[127],50.9,1106.0,[1107.0]
962,[127],52.6,1107.0,[1108.0]
963,[127],41.0,1108.0,[1109.0]
964,[127],50.3,1109.0,[1110.0]
965,[127],43.0,1110.0,[1111.0]
966,[127],43.1,1111.0,[1112.0]
967,[127],46.4,1112.0,[1113.0]
968,[127],41.0,1113.0,[1114.0]
969,[127],43.4,1114.0,[1115.0]
970,[127],47.6,1115.0,[1116.0]
971,[127],43.7,1116.0,[1117.0]
972,[127],52.7,1117.0,[1118.0]
973,[127],41.0,1118.0,[1119.0]
974,[127],40.0,1120.0,[1121.0]
975,[127],52.4,1121.0,[1122.0]
976,[127],41.0,1122.0,[1123.0]
977,[127],47.8,1123.0,[1124.0]
978,[127],48.5,1124.0,[1125.0]
979,[127],40.0,1125.0,[1126.0]
980,[127],46.0,1126.0,[1127.0]
981,[127],41.0,1128.0,[1129.0]
982,[127],40.0,1130.0,[1131.0]
983,[127],50.2,1131.0,[1132.0]
984,[127],46.0,1132.0,[1133.0]
985,[127],52.7,1133.0,[1134.0]
986,[127],41.0,1134.0,[1135.0]
987,[127],52.6,1135.0,[1136.0]
988,[127],41.0,1136.0,[1137.0]
989,[127],45.0,1137.0,[1138.0]
990,[127],52.6,1139.0,[1140.0]
991,[127],44.5,1140.0,[1141.0]
992,[127],43.4,1142.0,[1143.0]
993,[127],45.5,1143.0,[1144.0]
994,[127],45.5,1144.0,[1145.0]
995,[127],43.4,1145.0,[1146.0]
996,[127],41.0,1146.0,[1147.0]
997,[127],43.0,1147.0,[1148.0]
998,[127],44.0,1148.0,[1149.0]
999,[127],45.5,1149.0,[1150.0]
1000,[127],50.2,1150.0,[1151.0]
1001,[127],47.9,1151.0,[1152.0]
1002,[127],44.0,1152.0,[1153.0]
1003,[127],50.0,1153.0,[1154.0]
1004,[127],45.0,1154.0,[1155.0]
1005,[127],45.4,1155.0,[1156.0]
1006,[127],46.4,1156.0,[1157.0]
1007,[127],47.9,1157.0,[1158.0]
1008,[127],43.0,1158.0,[1159.0]
1009,[127],43.0,1160.0,[1161.0]
1010,[127],41.0,1161.0,[1162.0]
1011,[127],45.4,1163.0,[1164.0]
1012,[127],44.0,1164.0,[1165.0]
1013,[127],50.6,1165.0,[1166.0]
1014,[127],46.0,1166.0,[1167.0]
1015,[127],43.1,1168.0,[1169.0]
1016,[127],40.0,1170.0,[1171.0]
1017,[127],47.8,1171.0,[1172.0]
1018,[127],45.8,1172.0,[1173.0]
1019,[127],41.0,1173.0,[1174.0]
1020,[127],45.4,1174.0,[1175.0]
1021,[127],43.0,1175.0,[1176.0]
1022,[127],43.0,1176.0,[1177.0]
1023,[127],45.0,1177.0,[1178.0]
1024,[127],48.2,1178.0,[1179.0]
1025,[127],50.2,1179.0,[1180.0]
1026,[127],48.2,1180.0,[1181.0]
1027,[127],48.5,1182.0,[1183.0]
1028,[127],47.6,1183.0,[1184.0]
1029,[127],44.0,1184.0,[1185.0]
1030,[127],41.0,1185.0,[1186.0]
1031,[127],50.6,1186.0,[1187.0]
1032,[127],52.6,1187.0,[1188.0]
1033,[127],45.0,1188.0,[1189.0]
1034,[127],48.2,1189.0,[1190.0]
1035,[127],47.8,1190.0,[1191.0]
1036,[127],50.0,1191.0,[1192.0]
1037,[127],46.4,1192.0,[1193.0]
1038,[127],50.6,1193.0,[1194.0]
1039,[127],45.8,1194.0,[1195.0]
1040,[127],43.0,1195.0,[1196.0]
1041,[127],45.5,1196.0,[1197.0]
1042,[127],45.8,1197.0,[1198.0]
1043,[127],45.5,1198.0,[1199.0]
1044,[127],40.0,1200.0,[1201.0]
1045,[127],41.0,1201.0,[1202.0]
1046,[127],50.6,1202.0,[1203.0]
1047,[127],45.4,1203.0,[1204.0]
1048,[127],44.0,1204.0,[1205.0]
1049,[127],41.0,1205.0,[1206.0]
1050,[127],46.0,1206.0,[1207.0]
1051,[127],43.1,1208.0,[1209.0]
1052,[127],40.0,1210.0,[1211.0]
1053,[127],47.8,1211.0,[1212.0]
1054,[127],43.4,1212.0,[1213.0]
1055,[127],41.0,1213.0,[1214.0]
1056,[127],52.7,1214.0,[1215.0]
1057,[127],50.2,1215.0,[1216.0]
1058,[127],45.5,1216.0,[1217.0]
1059,[127],45.0,1217.0,[1218.0]
1060,[127],50.2,1219.0,[1220.0]
1061,[127],47.5,1220.0,[1221.0]
1062,[127],50.3,1222.0,[1223.0]
1063,[127],47.6,1223.0,[1224.0]
1064,[127],41.0,1224.0,[1225.0]
1065,[127],49.0,1225.0,[1226.0]
1066,[127],48.2,1226.0,[1227.0]
1067,[127],52.6,1227.0,[1228.0]
1068,[127],43.0,1228.0,[1229.0]
1069,[127],48.2,1229.0,[1230.0]
1070,[127],46.0,1230.0,[1231.0]
1071,[127],50.0,1231.0,[1232.0]
1072,[127],46.4,1232.0,[1233.0]
1073,[127],50.6,1233.0,[1234.0]
1074,[127],45.0,1234.0,[1235.0]
1075,[127],43.0,1235.0,[1236.0]
1076,[127],41.0,1236.0,[1237.0]
1077,[127],45.8,1237.0,[1238.0]
1078,[127],43.0,1238.0,[1239.0]
1079,[127],43.1,1240.0,[1241.0]
1080,[127],48.5,1241.0,[1242.0]
1081,[127],50.2,1243.0,[1244.0]
1082,[127],41.0,1244.0,[1245.0]
1083,[127],45.5,1246.0,[1247.0]
1084,[127],46.4,1248.0,[1249.0]
1085,[127],44.5,1250.0,[1251.0]
1086,[127],52.6,1251.0,[1252.0]
1087,[127],50.9,1252.0,[1253.0]
1088,[127],41.0,1253.0,[1254.0]
1089,[127],41.3,1254.0,[1255.0]
1090,[127],52.6,1255.0,[1256.0]
1091,[127],45.5,1256.0,[1257.0]
1092,[127],45.0,1257.0,[1258.0]
1093,[127],43.4,1258.0,[1259.0]
1094,[127],43.0,1259.0,[1260.0]
1095,[127],43.4,1260.0,[1261.0]
1096,[127],43.1,1262.0,[1263.0]
1097,[127],43.4,1263.0,[1264.0]
1098,[127],48.2,1264.0,[1265.0]
1099,[127],40.0,1265.0,[1266.0]
1100,[127],41.0,1266.0,[1267.0]
1101,[127],45.4,1267.0,[1268.0]
1102,[127],46.4,1268.0,[1269.0]
1103,[127],45.8,1269.0,[1270.0]
1104,[127],47.8,1270.0,[1271.0]
1105,[127],41.0,1271.0,[1272.0]
1106,[127],50.3,1272.0,[1273.0]
1107,[127],50.9,1273.0,[1274.0]
1108,[127],41.0,1274.0,[1275.0]
1109,[127],47.8,1275.0,[1276.0]
1110,[127],44.0,1276.0,[1277.0]
1111,[127],48.2,1277.0,[1278.0]
1112,[127],48.5,1278.0,[1279.0]
1113,[127],40.0,1280.0,[1281.0]
1114,[127],41.0,1281.0,[1282.0]
1115,[127],52.4,1282.0,[1283.0]
1116,[127],47.8,1283.0,[1284.0]
1117,[127],41.0,1284.0,[1285.0]
1118,[127],45.0,1285.0,[1286.0]
1119,[127],43.0,1286.0,[1287.0]
1120,[127],41.6,1288.0,[1289.0]
1121,[127],44.5,1290.0,[1291.0]
1122,[127],50.2,1291.0,[1292.0]
1123,[127],43.0,1292.0,[1293.0]
1124,[127],45.8,1293.0,[1294.0]
1125,[127],45.5,1294.0,[1295.0]
1126,[127],43.0,1295.0,[1296.0]
1127,[127],41.0,1296.0,[1297.0]
1128,[127],45.0,1297.0,[1298.0]
1129,[127],52.6,1299.0,[1300.0]
1130,[127],40.0,1300.0,[1301.0]
1131,[127],43.1,1302.0,[1303.0]
1132,[127],46.1,1303.0,[1304.0]
1133,[127],45.4,1304.0,[1305.0]
1134,[127],47.5,1305.0,[1306.0]
1135,[127],48.2,1306.0,[1307.0]
1136,[127],43.0,1307.0,[1308.0]
1137,[127],46.4,1308.0,[1309.0]
1138,[127],41.0,1309.0,[1310.0]
1139,[127],45.5,1310.0,[1311.0]
1140,[127],48.5,1311.0,[1312.0]
1141,[127],41.6,1312.0,[1313.0]
1142,[127],50.6,1313.0,[1314.0]
1143,[127],45.0,1314.0,[1315.0]
1144,[127],45.4,1315.0,[1316.0]
1145,[127],48.8,1316.0,[1317.0]
1146,[127],50.6,1317.0,[1318.0]
1147,[127],47.8,1318.0,[1319.0]
1148,[127],40.0,1320.0,[1321.0]
1149,[127],50.6,1321.0,[1322.0]
1150,[127],43.0,1323.0,[1324.0]
1151,[127],48.8,1324.0,[1325.0]
1152,[127],40.0,1325.0,[1326.0]
1153,[127],45.5,1326.0,[1327.0]
1154,[127],46.0,1328.0,[1329.0]
1155,[127],40.0,1330.0,[1331.0]
1156,[127],52.6,1331.0,[1332.0]
1157,[127],45.8,1332.0,[1333.0]
1158,[127],41.3,1333.0,[1334.0]
1159,[127],41.0,1334.0,[1335.0]
1160,[127],45.4,1335.0,[1336.0]
1161,[127],46.1,1336.0,[1337.0]
1162,[127],45.0,1337.0,[1338.0]
1163,[127],41.0,1338.0,[1339.0]
1164,[127],50.2,1339.0,[1340.0]
1165,[127],43.4,1340.0,[1341.0]
1166,[127],47.9,1342.0,[1343.0]
1167,[127],45.5,1343.0,[1344.0]
1168,[127],41.0,1344.0,[1345.0]
1169,[127],43.4,1345.0,[1346.0]
1170,[127],50.0,1346.0,[1347.0]
1171,[127],47.8,1347.0,[1348.0]
1172,[127],44.0,1348.0,[1349.0]
1173,[127],48.5,1349.0,[1350.0]
1174,[127],52.6,1350.0,[1351.0]
1175,[127],43.1,1351.0,[1352.0]
1176,[127],44.0,1352.0,[1353.0]
1177,[127],41.0,1353.0,[1354.0]
1178,[127],43.4,1354.0,[1355.0]
1179,[127],45.4,1355.0,[1356.0]
1180,[127],43.7,1356.0,[1357.0]
1181,[127],46.1,1357.0,[1358.0]
1182,[127],45.8,1358.0,[1359.0]
1183,[127],40.0,1360.0,[1361.0]
1184,[127],52.4,1361.0,[1362.0]
1185,[127],41.0,1362.0,[1363.0]
1186,[127],45.4,1363.0,[1364.0]
1187,[127],44.0,1364.0,[1365.0]
1188,[127],50.6,1365.0,[1366.0]
1189,[127],46.0,1366.0,[1367.0]
1190,[127],41.0,1368.0,[1369.0]
1191,[127],43.0,1370.0,[1371.0]
1192,[127],43.0,1371.0,[1372.0]
1193,[127],46.0,1372.0,[1373.0]
1194,[127],48.5,1373.0,[1374.0]
1195,[127],48.2,1374.0,[1375.0]
1196,[127],47.8,1375.0,[1376.0]
1197,[127],43.1,1376.0,[1377.0]
1198,[127],45.0,1377.0,[1378.0]
1199,[127],52.6,1379.0,[1380.0]
1200,[127],40.0,1380.0,[1381.0]
1201,[127],45.8,1382.0,[1383.0]
1202,[127],45.5,1383.0,[1384.0]
1203,[127],45.5,1384.0,[1385.0]
1204,[127],40.0,1385.0,[1386.0]
1205,[127],43.7,1386.0,[1387.0]
1206,[127],50.2,1387.0,[1388.0]
1207,[127],43.4,1388.0,[1389.0]
1208,[127],43.7,1389.0,[1390.0]
1209,[127],52.6,1390.0,[1391.0]
1210,[127],47.9,1391.0,[1392.0]
1211,[127],44.0,1392.0,[1393.0]
1212,[127],50.0,1393.0,[1394.0]
1213,[127],45.0,1394.0,[1395.0]
1214,[127],47.8,1395.0,[1396.0]
1215,[127],46.4,1396.0,[1397.0]
1216,[127],41.3,1397.0,[1398.0]
1217,[127],41.0,1398.0,[1399.0]
1218,[127],40.0,1400.0,[1401.0]
1219,[127],41.0,1401.0,[1402.0]
1220,[127],45.4,1403.0,[1404.0]
1221,[127],41.0,1404.0,[1405.0]
1222,[127],48.5,1405.0,[1406.0]
1223,[127],46.0,1406.0,[1407.0]
1224,[127],43.1,1408.0,[1409.0]
1225,[127],44.5,1410.0,[1411.0]
1226,[127],43.0,1411.0,[1412.0]
1227,[127],46.4,1412.0,[1413.0]
1228,[127],48.5,1413.0,[1414.0]
1229,[127],45.4,1414.0,[1415.0]
1230,[127],47.8,1415.0,[1416.0]
1231,[127],45.0,1416.0,[1417.0]
1232,[127],45.0,1417.0,[1418.0]
1233,[127],50.9,1418.0,[1419.0]
1234,[127],52.6,1419.0,[1420.0]
1235,[127],41.0,1420.0,[1421.0]
1236,[127],45.8,1422.0,[1423.0]
1237,[127],47.6,1423.0,[1424.0]
1238,[127],46.4,1424.0,[1425.0]
1239,[127],44.5,1425.0,[1426.0]
1240,[127],50.6,1426.0,[1427.0]
1241,[127],50.2,1427.0,[1428.0]
1242,[127],41.0,1428.0,[1429.0]
1243,[127],43.7,1429.0,[1430.0]
1244,[127],43.0,1430.0,[1431.0]
1245,[127],50.0,1431.0,[1432.0]
1246,[127],41.3,1432.0,[1433.0]
1247,[127],50.6,1433.0,[1434.0]
1248,[127],48.5,1434.0,[1435.0]
1249,[127],47.8,1435.0,[1436.0]
1250,[127],48.2,1436.0,[1437.0]
1251,[127],41.3,1437.0,[1438.0]
1252,[127],41.0,1438.0,[1439.0]
1253,[127],40.0,1440.0,[1441.0]
1254,[127],41.0,1441.0,[1442.0]
1255,[127],41.0,1442.0,[1443.0]
1256,[127],50.2,1443.0,[1444.0]
1257,[127],50.6,1444.0,[1445.0]
1258,[127],46.0,1446.0,[1447.0]
1259,[127],43.1,1448.0,[1449.0]
1260,[127],43.0,1450.0,[1451.0]
1261,[127],47.8,1451.0,[1452.0]
1262,[127],45.4,1452.0,[1453.0]
1263,[127],48.5,1453.0,[1454.0]
1264,[127],48.2,1454.0,[1455.0]
1265,[127],50.2,1455.0,[1456.0]
1266,[127],43.1,1456.0,[1457.0]
1267,[127],45.0,1457.0,[1458.0]
1268,[127],45.4,1459.0,[1460.0]
1269,[127],43.0,1460.0,[1461.0]
1270,[127],43.0,1462.0,[1463.0]
1271,[127],47.6,1463.0,[1464.0]
1272,[127],45.5,1464.0,[1465.0]
1273,[127],45.8,1465.0,[1466.0]
1274,[127],43.7,1466.0,[1467.0]
1275,[127],43.0,1467.0,[1468.0]
1276,[127],43.4,1468.0,[1469.0]
1277,[127],43.7,1469.0,[1470.0]
1278,[127],43.0,1470.0,[1471.0]
1279,[127],50.0,1471.0,[1472.0]
1280,[127],45.5,1472.0,[1473.0]
1281,[127],50.6,1473.0,[1474.0]
1282,[127],45.0,1474.0,[1475.0]
1283,[127],52.6,1475.0,[1476.0]
1284,[127],44.0,1476.0,[1477.0]
1285,[127],41.3,1477.0,[1478.0]
1286,[127],41.0,1478.0,[1479.0]
1287,[127],43.0,1480.0,[1481.0]
1288,[127],48.5,1481.0,[1482.0]
1289,[127],43.0,1483.0,[1484.0]
1290,[127],41.0,1484.0,[1485.0]
1291,[127],45.0,1485.0,[1486.0]
1292,[127],46.0,1486.0,[1487.0]
1293,[127],47.9,1488.0,[1489.0]
1294,[127],40.0,1490.0,[1491.0]
1295,[127],52.6,1491.0,[1492.0]
1296,[127],50.3,1492.0,[1493.0]
1297,[127],48.2,1493.0,[1494.0]
1298,[127],47.8,1494.0,[1495.0]
1299,[127],52.6,1495.0,[1496.0]
1300,[127],44.0,1496.0,[1497.0]
1301,[127],45.0,1497.0,[1498.0]
1302,[127],50.9,1498.0,[1499.0]
1303,[127],50.2,1499.0,[1500.0]
1304,[127],44.0,1500.0,[1501.0]
1305,[127],45.5,1502.0,[1503.0]
1306,[127],43.4,1503.0,[1504.0]
1307,[127],47.6,1504.0,[1505.0]
1308,[127],49.0,1505.0,[1506.0]
1309,[127],50.6,1506.0,[1507.0]
1310,[127],47.8,1507.0,[1508.0]
1311,[127],45.0,1508.0,[1509.0]
1312,[127],43.4,1509.0,[1510.0]
1313,[127],43.1,1510.0,[1511.0]
1314,[127],41.0,1511.0,[1512.0]
1315,[127],46.4,1512.0,[1513.0]
1316,[127],50.9,1513.0,[1514.0]
1317,[127],48.5,1514.0,[1515.0]
1318,[127],43.4,1515.0,[1516.0]
1319,[127],48.2,1516.0,[1517.0]
1320,[127],41.0,1517.0,[1518.0]
1321,[127],52.7,1518.0,[1519.0]
1322,[127],43.0,1520.0,[1521.0]
1323,[127],41.0,1521.0,[1522.0]
1324,[127],48.5,1522.0,[1523.0]
1325,[127],52.6,1523.0,[1524.0]
1326,[127],48.8,1524.0,[1525.0]
1327,[127],47.5,1525.0,[1526.0]
1328,[127],46.0,1526.0,[1527.0]
1329,[127],41.0,1528.0,[1529.0]
1330,[127],40.0,1530.0,[1531.0]
1331,[127],50.2,1531.0,[1532.0]
1332,[127],45.5,1532.0,[1533.0]
1333,[127],48.2,1533.0,[1534.0]
1334,[127],48.5,1534.0,[1535.0]
1335,[127],43.0,1535.0,[1536.0]
1336,[127],44.0,1536.0,[1537.0]
1337,[127],45.0,1537.0,[1538.0]
1338,[127],47.8,1539.0,[1540.0]
1339,[127],40.0,1540.0,[1541.0]
1340,[127],47.8,1542.0,[1543.0]
1341,[127],46.1,1543.0,[1544.0]
1342,[127],50.0,1544.0,[1545.0]
1343,[127],41.0,1545.0,[1546.0]
1344,[127],41.3,1546.0,[1547.0]
1345,[127],45.4,1547.0,[1548.0]
1346,[127],41.0,1548.0,[1549.0]
1347,[127],41.0,1549.0,[1550.0]
1348,[127],45.4,1550.0,[1551.0]
1349,[127],48.5,1551.0,[1552.0]
1350,[127],45.5,1552.0,[1553.0]
1351,[127],50.6,1553.0,[1554.0]
1352,[127],45.0,1554.0,[1555.0]
1353,[127],41.0,1555.0,[1556.0]
1354,[127],43.1,1556.0,[1557.0]
1355,[127],43.4,1557.0,[1558.0]
1356,[127],43.7,1558.0,[1559.0]
1357,[127],43.0,1560.0,[1561.0]
1358,[127],50.6,1561.0,[1562.0]
1359,[127],50.2,1563.0,[1564.0]
1360,[127],43.1,1564.0,[1565.0]
1361,[127],50.9,1565.0,[1566.0]
1362,[127],43.4,1566.0,[1567.0]
1363,[127],46.4,1568.0,[1569.0]
1364,[127],40.0,1570.0,[1571.0]
1365,[127],52.6,1571.0,[1572.0]
1366,[127],41.0,1572.0,[1573.0]
1367,[127],48.2,1573.0,[1574.0]
1368,[127],43.0,1574.0,[1575.0]
1369,[127],45.4,1575.0,[1576.0]
1370,[127],47.6,1576.0,[1577.0]
1371,[127],45.0,1577.0,[1578.0]
1372,[127],48.5,1578.0,[1579.0]
1373,[127],43.0,1579.0,[1580.0]
1374,[127],47.8,1580.0,[1581.0]
1375,[127],41.0,1582.0,[1583.0]
1376,[127],45.5,1583.0,[1584.0]
1377,[127],41.0,1584.0,[1585.0]
1378,[127],44.5,1585.0,[1586.0]
1379,[127],50.9,1586.0,[1587.0]
1380,[127],45.4,1587.0,[1588.0]
1381,[127],45.5,1588.0,[1589.0]
1382,[127],41.0,1589.0,[1590.0]
1383,[127],50.3,1590.0,[1591.0]
1384,[127],43.1,1591.0,[1592.0]
1385,[127],45.8,1592.0,[1593.0]
1386,[127],41.0,1593.0,[1594.0]
1387,[127],46.1,1594.0,[1595.0]
1388,[127],47.8,1595.0,[1596.0]
1389,[127],45.8,1596.0,[1597.0]
1390,[127],43.4,1597.0,[1598.0]
1391,[127],43.7,1598.0,[1599.0]
