,Velocity,MIDI,Start,End
0,"[56, 64, 66]","[0, 10, 7, 4]",0.672,"[1.839, 2.495]"
2,"[56, 64, 70]","[5, 11, 8, 0, 7]",2.5,[3.995]
3,"[61, 71, 75]","[5, 7, 5, 11, 4]",4.0,[5.25]
5,[64],"[10, 7, 4]",5.927,"[6.422, 6.745]"
7,"[57, 61, 71]","[5, 9, 3, 0, 7]",6.75,[7.995]
8,"[61, 68, 75]","[4, 0, 10, 3]",8.0,[9.25]
9,"[62, 64, 69]","[0, 10, 7, 4]",9.25,"[10.01, 10.568, 11.245]"
12,"[60, 64, 69]","[5, 0, 3]",11.25,"[11.76, 12.255, 12.745]"
15,"[63, 64]","[4, 0, 10, 7]",12.75,"[13.755, 14.245]"
17,"[52, 64, 69, 70]","[5, 9, 0, 3]",14.25,"[14.76, 15.745]"
20,"[61, 75]","[1, 11, 8, 0]",15.75,[16.51]
21,"[56, 70]","[10, 7, 9, 5]",16.51,[17.245]
22,"[61, 75]","[7, 2, 3, 0]",17.25,[18.01]
23,"[56, 70]","[3, 9, 0, 2]",18.01,[18.745]
24,"[56, 64, 70]","[11, 10, 4, 7]",18.75,"[19.755, 20.245]"
25,"[59, 67, 73]","[6, 10, 8]",19.755,[20.245]
26,[69],"[9, 5, 0, 3]",20.25,[20.76]
27,"[64, 65]","[5, 8, 9, 0]",20.76,"[21.255, 21.745]"
29,"[55, 56, 70]","[4, 10, 6, 7]",21.75,[22.755]
30,"[57, 59, 73]","[0, 1, 4, 10]",22.755,[23.245]
31,"[60, 61, 68, 75]","[5, 3, 0, 4]",23.25,"[23.76, 24.75]"
32,"[57, 65, 71]","[9, 8, 0]",23.76,[24.255]
33,"[59, 67, 73]","[7, 6, 2]",24.255,[24.75]
34,"[57, 61, 74, 75]","[5, 4, 7, 3]",24.75,[25.161]
35,"[54, 56, 70]","[11, 2, 4, 5]",25.161,[25.557]
36,"[56, 70]","[8, 7, 0, 1]",25.557,[25.958]
37,"[56, 70]","[7, 3, 2, 10]",25.958,[26.354]
38,"[56, 70]","[1, 0, 9, 7]",26.354,"[27.0, 27.016]"
39,"[56, 70]","[8, 9, 5, 3]",27.016,"[27.99, 28.005]"
40,"[56, 70]","[6, 8, 3, 0]",28.005,[28.5]
41,"[55, 56, 70]","[3, 5, 0, 2]",28.5,"[29.0, 29.016]"
42,"[54, 56, 70]","[10, 7, 8, 3]",29.016,[29.51]
43,"[53, 56, 70]","[9, 0, 3, 10, 7]",29.51,[30.745]
44,"[53, 56, 70]","[7, 2, 10, 1, 9, 5]",30.75,[32.245]
45,"[60, 61, 75]","[6, 11, 3, 9, 4, 8, 0]",32.25,"[32.76, 33.745]"
46,"[57, 71]","[9, 4, 8, 0, 6, 2]",32.76,[33.255]
47,"[58, 59, 73]","[4, 0, 4, 1, 2, 3]",33.255,[33.745]
48,"[53, 56, 70]","[7, 2, 10, 4]",33.75,[35.245]
49,"[60, 61, 75]","[5, 6, 2, 11, 8]",35.25,"[35.76, 36.745]"
50,"[57, 71]","[2, 11, 8, 6]",35.76,[36.255]
51,"[59, 73]","[1, 10, 8, 4]",36.255,[36.745]
52,"[61, 75]","[11, 10, 4, 6]",36.75,[37.51]
53,"[56, 70]","[0, 8, 2, 4]",37.51,[38.245]
54,"[61, 75]","[8, 6, 11, 4, 5]",38.25,[39.01]
55,"[56, 70]","[7, 1, 9, 5, 4]",39.01,[39.745]
56,"[56, 70]","[5, 7, 10, 3, 2]",39.75,[41.245]
57,"[56, 70]","[6, 3, 11, 1, 0]",41.25,[42.745]
58,"[56, 61, 64, 66, 75]","[4, 2, 8, 6, 11, 3, 3]",42.75,"[43.51, 45.255]"
62,"[56, 66, 70]","[10, 9, 3, 0, 7, 2, 2]",45.255,"[46.495, 47.0]"
64,"[61, 75]","[8, 2, 10, 6, 5, 0, 0]",47.0,"[47.76, 48.25]"
66,"[56, 70]","[11, 6, 2, 8, 1, 3, 4]",48.25,"[49.177, 50.25]"
69,"[56, 70]","[6, 4, 1, 10, 2, 9, 11]",50.25,"[51.177, 52.495]"
72,"[55, 56, 61, 70, 75]","[4, 2, 11, 8, 1, 7, 3]",52.5,"[53.177, 54.495]"
75,"[56, 61, 70, 75]","[6, 4, 10, 7, 2, 8, 11]",54.5,"[55.177, 56.495]"
78,"[61, 67, 75]","[11, 2, 8, 6, 4, 9, 3]",56.5,"[57.26, 57.75]"
79,"[56, 70]","[4, 10, 8, 5, 6, 0]",57.26,[57.995]
81,"[61, 68, 75]","[1, 11, 10, 8, 3, 6, 4]",58.0,"[58.76, 59.25]"
82,"[56, 70]","[2, 11, 10, 4, 8, 3]",58.76,[59.495]
84,"[61, 67, 68, 72, 75]","[2, 1, 11, 10, 5, 8, 6]",59.5,"[60.26, 60.75]"
85,"[56, 64, 70]","[4, 6, 2, 10, 0, 8]",60.26,[60.995]
87,"[61, 66, 69, 75]","[8, 3, 4, 1, 10, 11, 7]",61.0,"[61.76, 62.25]"
88,"[56, 64, 70]","[7, 1, 6, 2, 3, 11]",61.76,[62.495]
90,"[58, 61, 75]","[9, 8, 2, 4, 11, 1, 0]",62.5,[63.26]
91,"[54, 56, 70]","[11, 10, 7, 5, 8, 2, 10]",63.26,[64.005]
92,"[55, 56, 70]","[2, 10, 5, 7, 1, 6, 4]",64.005,[64.745]
93,"[58, 61, 75]","[7, 1, 9, 8, 10, 3, 0]",64.75,[65.51]
94,"[56, 63, 70]","[4, 2, 11, 6, 7, 1, 10]",65.51,[66.255]
95,"[56, 70]","[6, 10, 4, 0, 5, 2, 11]",66.255,[67.0]
96,"[61, 69, 71]","[11, 9, 1, 3, 8]",67.0,"[67.745, 68.25, 69.25]"
98,"[64, 67, 69]","[5, 0, 11]",68.25,"[68.76, 69.25]"
100,"[56, 64, 66, 68, 69]","[4, 2, 8, 1, 6]",69.25,"[69.573, 70.255, 72.568, 72.589]"
110,"[56, 62, 64, 70]","[11, 9, 1, 8, 3]",72.589,"[73.245, 74.568]"
111,"[61, 75]","[2, 0, 6, 9]",73.25,[73.927]
112,"[56, 64, 70]","[8, 2, 4, 1]",73.927,"[74.568, 74.589]"
113,"[56, 60, 70]","[4, 11, 9, 4, 6, 8]",74.589,[75.245]
114,"[56, 70]","[1, 2, 11]",75.188,[75.25]
115,"[61, 64, 75]","[9, 6, 1, 2, 3, 11, 2, 8, 11]",75.25,"[75.318, 75.328, 75.573, 75.594, 77.245]"
116,"[59, 64, 65]","[2, 2, 6]",75.318,[75.583]
117,"[56, 64, 70]","[11, 8, 2, 6, 4]",75.594,"[75.906, 77.245]"
122,[69],"[2, 4, 6, 11]",77.25,[77.573]
123,[64],"[11, 2, 7, 1]",77.594,"[77.906, 78.255]"
125,[67],"[11, 6, 8, 3]",78.255,"[78.568, 78.917, 79.245]"
128,"[61, 69, 75]","[8, 2, 4, 11]",79.25,"[79.422, 79.573, 79.594]"
130,[64],"[8, 4, 3, 2]",79.594,"[79.906, 80.255]"
132,"[66, 67]","[4, 11, 5, 8]",80.255,"[80.568, 80.917]"
134,"[62, 64]","[11, 3, 6, 9]",80.922,[82.917]
